   team experience    salary points3 points2 points1 points
1   ATL        100  93.40559     660    2337    1453   8107
2   BOS         63  91.91509     985    2183    1536   8857
3   BRK         70  76.21567     777    2040    1444   7855
4   CHI         59  92.50189     565    2162    1330   7349
5   CHO         63  88.50477     808    2089    1497   8099
6   CLE        145 127.25458    1030    2148    1384   8770
7   DAL         65  92.82830     712    1754    1007   6651
8   DEN         83  79.02822     868    2351    1477   8783
9   DET         55 103.07449     631    2638    1140   8309
10  GSW        113 100.24256     982    2545    1455   9491
11  HOU         70  87.39233    1140    2011    1623   9065
12  IND         95  92.62084     709    2512    1467   8618
13  LAC        124 114.77662     841    2401    1586   8911
14  LAL         65  85.12544     582    2069    1021   6905
15  MEM         90 108.94584     757    2176    1489   8112
16  MIA         63  72.94438     799    2349    1217   8312
17  MIL         83 104.64657     720    2462    1413   8497
18  MIN         48  59.87827     599    2607    1580   8591
19  NOP         78  94.03547     519    1956    1128   6597
20  NYK         59  97.10692     636    2445    1262   8060
21  OKC         55  86.98136     611    2380    1511   8104
22  ORL         62 104.11034     618    2178    1232   7442
23  PHI         39  56.29336     718    1960    1225   7299
24  PHO         73  73.28258     569    2554    1615   8430
25  POR         43 102.48876     847    2148    1386   8223
26  SAC         77  88.27720     562    1838     998   6360
27  SAS         99 105.39553     753    2469    1440   8637
28  TOR         57 108.45847     626    2359    1570   8166
29  UTA         71  80.32319     791    2242    1401   8258
30  WAS         57 100.78591     718    2526    1368   8574
   off_rebounds def_rebounds assists steals blocks turnovers fouls
1           832         2676    1846    645    381      1201  1432
2           744         2698    2069    617    340      1037  1686
3           689         2697    1664    568    382      1212  1620
4           865         2419    1746    605    339       956  1275
5           621         2615    1806    543    316       820  1177
6           735         2673    1779    483    304      1020  1356
7           521         2063    1183    507    257       674  1229
8           872         2660    2015    543    286      1102  1475
9           908         2838    1732    574    310       932  1467
10          770         2869    2486    782    554      1179  1581
11          857         2608    1969    617    331      1113  1473
12          742         2702    1844    669    409      1087  1597
13          738         2790    1848    612    347      1022  1626
14          789         2213    1334    510    267       972  1444
15          880         2582    1725    629    335       993  1798
16          856         2648    1728    579    464      1019  1647
17          723         2589    1984    666    436      1096  1660
18          932         2516    1924    641    368      1085  1620
19          580         2248    1531    502    380       828  1168
20          962         2592    1499    526    451       975  1584
21          936         2628    1610    595    395      1133  1561
22          707         2452    1760    546    305       987  1445
23          690         2354    1816    613    375      1197  1573
24          882         2464    1531    588    385      1171  1887
25          706         2428    1508    522    342       978  1581
26          525         1876    1402    506    232       850  1303
27          821         2777    1954    655    484      1057  1498
28          847         2535    1469    620    379       932  1609
29          771         2774    1651    550    410      1060  1545
30          806         2564    1893    655    325      1062  1643
   efficiency
1    147.2123
2    148.2395
3    167.0333
4    139.0978
5    141.5019
6    182.0806
7    144.6322
8    172.2445
9    136.4089
10   175.3384
11   165.2848
12   148.7141
13   147.0737
14   131.4561
15   147.5533
16   152.1863
17   161.2450
18   140.7781
19   175.1662
20   143.9152
21   146.9182
22   133.1438
23   172.9546
24   149.2347
25   141.7957
26   155.8247
27   149.7043
28   158.7556
29   145.8056
30   147.8051
